0.992329
0.368033
0.285651
0.267193
0.265598
0.263756
0.261508
0.258618
0.254643
0.24857
0.237941
0.217596
0.180589
0.12558
0.0659403
0.0228811
0.0042374
0.000226277
8.31771e-012
2.93781e-010
3.66237e-005
2.93535e-005
3.11501e-005
4.4071e-005
0.000103092
0.0183034
0.0450285
0.0743259
0.10273
0.127648
0.145881
0.151993
0.138669
0.103316
0.0572636
0.0209453
0.00422019
0.000315798
1.80756e-007
1.01768e-008
3.73418e-007
1.07195e-006
1.83233e-006
2.28702e-006
2.26657e-006
0.00137618
0.00774339
0.0207324
0.0397358
0.0625367
0.0852268
0.101293
0.101956
0.0819599
0.0485892
0.0192516
0.00448031
0.000501342
1.67568e-005
1.48146e-007
4.15039e-007
2.20036e-006
4.29108e-006
6.13365e-006
6.754e-006
0.000100489
0.00145742
0.00619844
0.0160748
0.0314073
0.0502359
0.0672912
0.0741577
0.0641878
0.0409207
0.0178199
0.0048583
0.00073785
4.85811e-005
1.06696e-006
3.3366e-007
2.47078e-006
6.59414e-006
1.22275e-005
1.7029e-005
2.46819e-005
0.000332805
0.00213216
0.00716793
0.0167888
0.0306623
0.0453391
0.0539364
0.0498899
0.0341495
0.0163479
0.00513886
0.00097172
9.10667e-005
2.97839e-006
1.93626e-007
1.98725e-006
7.27987e-006
1.73225e-005
3.15559e-005
4.60797e-005
0.00016939
0.00102549
0.00384566
0.00998654
0.0198337
0.0313462
0.0394208
0.038476
0.0280535
0.0146176
0.00516785
0.00114595
0.000133972
5.50865e-006
9.08518e-008
1.23062e-006
5.91933e-006
1.8224e-005
4.25407e-005
8.05018e-005
0.000122759
0.000752077
0.00267225
0.00685181
0.0137998
0.0223418
0.0289366
0.0293154
0.0224865
0.0125654
0.00487391
0.00121529
0.00016514
7.74577e-006
3.31529e-008
5.6576e-007
3.42542e-006
1.33241e-005
3.97929e-005
9.95147e-005
0.000220004
0.000453424
0.00201022
0.00509369
0.0100306
0.016127
0.0210521
0.0218038
0.017366
0.0102468
0.00426687
0.00116019
0.000175391
8.848e-006
8.38576e-009
1.74024e-007
1.27294e-006
5.96163e-006
2.14461e-005
6.48728e-005
0.000174696
0.000438929
0.00109305
0.00328916
0.00685567
0.0111472
0.0146761
0.0154636
0.0126832
0.00780537
0.00342925
0.000993806
0.000162286
8.47812e-006
1.32062e-009
3.29795e-008
2.86679e-007
1.57727e-006
6.60245e-006
2.30612e-005
7.10897e-005
0.000201253
0.000541241
0.00143548
0.00375504
0.00677466
0.00931985
0.010118
0.00855529
0.00545559
0.00249781
0.000758469
0.000131016
6.88726e-006
1.29689e-010
3.94495e-009
4.11381e-008
2.67445e-007
1.30466e-006
5.25076e-006
1.84763e-005
5.91233e-005
0.000177188
0.00050967
0.00143719
0.00328858
0.00511711
0.0059036
0.00520233
0.00343534
0.00162581
0.000510552
9.18375e-005
4.73123e-006
9.00479e-012
3.38532e-010
4.2936e-009
3.33816e-008
1.91472e-007
8.91924e-007
3.58157e-006
1.29051e-005
4.29369e-005
0.000134802
0.000405832
0.00117886
0.00226991
0.00298116
0.00279417
0.00191592
0.000931629
0.000299171
5.53345e-005
2.71054e-006
6.4108e-013
2.91665e-011
4.4315e-010
4.08084e-009
2.73762e-008
1.47112e-007
6.71505e-007
2.70716e-006
9.90363e-006
3.35157e-005
0.000106287
0.000317379
0.000784837
0.00122276
0.00127742
0.00092992
0.000462165
0.000150027
2.82225e-005
1.25936e-006
3.75565e-014
2.10449e-012
3.88767e-011
4.29397e-010
3.40555e-009
2.1289e-008
1.11005e-007
5.01245e-007
2.01235e-006
7.31972e-006
2.44339e-005
7.53321e-005
0.000213941
0.000402153
0.000481749
0.000382708
0.000199706
6.59047e-005
1.22519e-005
4.50117e-007
2.02095e-015
1.3881e-013
3.10928e-012
4.11732e-011
3.86583e-010
2.81604e-009
1.67839e-008
8.48114e-008
3.72936e-007
1.45524e-006
5.11046e-006
1.62925e-005
4.72843e-005
0.000105651
0.000146971
0.00013021
7.31245e-005
2.51452e-005
4.72504e-006
1.4284e-007
9.36282e-017
7.77232e-015
2.08967e-013
3.29826e-012
3.65349e-011
3.08985e-010
2.09443e-009
1.17704e-008
5.63286e-008
2.34584e-007
8.64768e-007
2.85743e-006
8.53388e-006
2.20114e-005
3.54287e-005
3.54751e-005
2.18845e-005
8.02158e-006
1.55654e-006
4.00758e-008
4.50812e-018
4.36786e-016
1.36834e-014
2.51229e-013
3.2098e-012
3.08063e-011
2.32263e-010
1.42239e-009
7.27759e-009
3.18696e-008
1.21895e-007
4.14013e-007
1.26567e-006
3.52214e-006
6.48498e-006
7.37876e-006
5.07775e-006
2.02363e-006
4.13489e-007
9.36253e-009
1.67073e-019
1.83636e-017
6.6008e-016
1.40017e-014
2.04937e-013
2.2144e-012
1.84411e-011
1.22508e-010
6.69052e-010
3.08532e-009
1.23012e-008
4.32908e-008
1.36975e-007
3.96362e-007
8.29868e-007
1.07533e-006
8.34976e-007
3.6799e-007
8.05792e-008
1.65355e-009
3.74494e-021
4.49941e-019
1.83215e-017
4.45171e-016
7.34693e-015
8.79144e-014
7.98103e-013
5.7018e-012
3.31003e-011
1.60745e-010
6.70684e-010
2.46428e-009
8.16029e-009
2.49054e-008
6.05459e-008
9.04206e-008
8.03467e-008
3.98512e-008
9.51772e-009
1.82488e-010
8.0351e-024
2.63994e-026
3.27385e-023
2.38132e-020
2.05796e-018
7.37638e-017
1.47202e-015
1.89323e-014
1.72187e-013
1.18508e-012
6.5164e-012
2.99757e-011
1.20126e-010
4.35156e-010
1.35217e-009
2.42491e-009
2.5171e-009
1.42491e-009
3.75347e-010
6.86004e-012
